30746056
30750942
30759590
30763860
30765152
30768581
30775633
30775727
30777218
30779118
30780991
30786882
30789968
30791922
30792234
30812311
30814340
30820632
30822827
30826734
30830623
30837198
30837323
30843336
30853240
30854569
30855230
30858031
30866473
30872090
30878879
30884522
30889642
30912217
30913380
30913576
30928177
30928958
30932460
30933259
30934405
30935285
30946342
30946755
30953448
30959171
30969622
30970641
30975470
30979532
30986839
30989149
30989578
30990717
30990737
30991504
30993731
30998152
31000759
31009751
31014860
31019320
31022548
31031005
31033855
31035668
31038279
31039501
31042157
31042789
31042845
31058070
31062860
31064139
31067722
31080669
31080780
31081593
31092467
31104043
31105584
31121607
31122975
31124162
31125118
31131162
31142295
31158545
31166440
31170510
31180170
31187181
31188258
31233853
31240285
31287845
31477874
31481617
31508195
32310400
